1 0.742 0.98 0.044 0.032
1 0.242 0.98 0.044 0.032
0 0.846 0.926 0.036 0.036
0 0.346 0.926 0.036 0.036
0 0.652 0.916 0.032 0.04
0 0.152 0.916 0.032 0.04
0 0.796 0.911 0.036 0.034
0 0.296 0.911 0.036 0.034
0 0.883 0.906 0.042 0.028
0 0.383 0.906 0.042 0.028
1 0.723 0.892 0.042 0.036
1 0.223 0.892 0.042 0.036
1 0.628 0.873 0.028 0.042
1 0.128 0.873 0.028 0.042
1 0.712 0.862 0.044 0.032
1 0.212 0.862 0.044 0.032
0 0.76 0.857 0.028 0.042
0 0.26 0.857 0.028 0.042
0 0.6 0.843 0.04 0.026
0 0.1 0.843 0.04 0.026
1 0.849 0.843 0.042 0.038
1 0.349 0.843 0.042 0.038
0 0.976 0.825 0.032 0.03
0 0.476 0.825 0.032 0.03
1 0.803 0.827 0.034 0.042
0 0.7 0.826 0.028 0.04
0 0.613 0.82 0.038 0.028
1 0.303 0.827 0.034 0.042
0 0.2 0.826 0.028 0.04
0 0.113 0.82 0.038 0.028
0 0.679 0.808 0.042 0.028
0 0.179 0.808 0.042 0.028
1 0.781 0.811 0.038 0.038
1 0.281 0.811 0.038 0.038
1 0.752 0.809 0.052 0.046
1 0.252 0.809 0.052 0.046
0 0.588 0.787 0.036 0.034
0 0.088 0.787 0.036 0.034
1 0.899 0.782 0.058 0.04
1 0.399 0.782 0.058 0.04
0 0.858 0.77 0.028 0.04
0 0.358 0.77 0.028 0.04
1 0.729 0.77 0.03 0.044
1 0.229 0.77 0.03 0.044
1 0.814 0.76 0.032 0.048
1 0.314 0.76 0.032 0.048
0 0.635 0.748 0.038 0.032
0 0.135 0.748 0.038 0.032
0 0.54 0.746 0.028 0.04
0 0.04 0.746 0.028 0.04
1 0.699 0.744 0.046 0.044
1 0.199 0.744 0.046 0.044
1 0.783 0.714 0.046 0.032
1 0.283 0.714 0.046 0.032
1 0.725 0.715 0.03 0.038
1 0.225 0.715 0.03 0.038
1 0.822 0.708 0.032 0.04
1 0.322 0.708 0.032 0.04
0 0.556 0.699 0.036 0.034
0 0.056 0.699 0.036 0.034
0 0.864 0.697 0.04 0.034
0 0.364 0.697 0.04 0.034
0 0.822 0.682 0.04 0.032
0 0.322 0.682 0.04 0.032
0 0.668 0.675 0.032 0.038
0 0.168 0.675 0.032 0.038
0 0.745 0.661 0.03 0.038
0 0.245 0.661 0.03 0.038
1 0.626 0.661 0.032 0.046
1 0.126 0.661 0.032 0.046
1 0.874 0.654 0.04 0.04
1 0.374 0.654 0.04 0.04
1 0.706 0.639 0.036 0.042
1 0.206 0.639 0.036 0.042
0 0.802 0.632 0.036 0.036
0 0.302 0.632 0.036 0.036
1 0.595 0.616 0.042 0.028
1 0.095 0.616 0.042 0.028
1 0.769 0.593 0.03 0.046
1 0.269 0.593 0.03 0.046
0 0.699 0.568 0.042 0.028
0 0.199 0.568 0.042 0.028
0 0.629 0.565 0.038 0.034
0 0.129 0.565 0.038 0.034
0 0.754 0.55 0.032 0.04
0 0.254 0.55 0.032 0.04
0 0.641 0.544 0.03 0.036
0 0.141 0.544 0.03 0.036
0 0.816 0.544 0.028 0.044
0 0.316 0.544 0.028 0.044
0 0.847 0.508 0.042 0.028
0 0.347 0.508 0.042 0.028
1 0.742 0.48 0.044 0.032
1 0.242 0.48 0.044 0.032
0 0.846 0.426 0.036 0.036
0 0.346 0.426 0.036 0.036
0 0.652 0.416 0.032 0.04
0 0.152 0.416 0.032 0.04
0 0.796 0.411 0.036 0.034
0 0.296 0.411 0.036 0.034
0 0.883 0.406 0.042 0.028
0 0.383 0.406 0.042 0.028
1 0.723 0.392 0.042 0.036
1 0.223 0.392 0.042 0.036
1 0.628 0.373 0.028 0.042
1 0.128 0.373 0.028 0.042
1 0.712 0.362 0.044 0.032
1 0.212 0.362 0.044 0.032
0 0.76 0.357 0.028 0.042
0 0.26 0.357 0.028 0.042
0 0.6 0.343 0.04 0.026
0 0.1 0.343 0.04 0.026
1 0.849 0.343 0.042 0.038
1 0.349 0.343 0.042 0.038
0 0.976 0.325 0.032 0.03
0 0.476 0.325 0.032 0.03
1 0.803 0.327 0.034 0.042
0 0.7 0.326 0.028 0.04
0 0.613 0.32 0.038 0.028
1 0.303 0.327 0.034 0.042
0 0.2 0.326 0.028 0.04
0 0.113 0.32 0.038 0.028
0 0.679 0.308 0.042 0.028
0 0.179 0.308 0.042 0.028
1 0.781 0.311 0.038 0.038
1 0.281 0.311 0.038 0.038
1 0.752 0.309 0.052 0.046
1 0.252 0.309 0.052 0.046
0 0.588 0.287 0.036 0.034
0 0.088 0.287 0.036 0.034
1 0.899 0.282 0.058 0.04
1 0.399 0.282 0.058 0.04
0 0.858 0.27 0.028 0.04
0 0.358 0.27 0.028 0.04
1 0.729 0.27 0.03 0.044
1 0.229 0.27 0.03 0.044
1 0.814 0.26 0.032 0.048
1 0.314 0.26 0.032 0.048
0 0.635 0.248 0.038 0.032
0 0.135 0.248 0.038 0.032
0 0.54 0.246 0.028 0.04
0 0.04 0.246 0.028 0.04
1 0.699 0.244 0.046 0.044
1 0.199 0.244 0.046 0.044
1 0.783 0.214 0.046 0.032
1 0.283 0.214 0.046 0.032
1 0.725 0.215 0.03 0.038
1 0.225 0.215 0.03 0.038
1 0.822 0.208 0.032 0.04
1 0.322 0.208 0.032 0.04
0 0.556 0.199 0.036 0.034
0 0.056 0.199 0.036 0.034
0 0.864 0.197 0.04 0.034
0 0.364 0.197 0.04 0.034
0 0.822 0.182 0.04 0.032
0 0.322 0.182 0.04 0.032
0 0.668 0.175 0.032 0.038
0 0.168 0.175 0.032 0.038
0 0.745 0.161 0.03 0.038
0 0.245 0.161 0.03 0.038
1 0.626 0.161 0.032 0.046
1 0.126 0.161 0.032 0.046
1 0.874 0.154 0.04 0.04
1 0.374 0.154 0.04 0.04
1 0.706 0.139 0.036 0.042
1 0.206 0.139 0.036 0.042
0 0.802 0.132 0.036 0.036
0 0.302 0.132 0.036 0.036
1 0.595 0.116 0.042 0.028
1 0.095 0.116 0.042 0.028
1 0.769 0.093 0.03 0.046
1 0.269 0.093 0.03 0.046
0 0.699 0.068 0.042 0.028
0 0.199 0.068 0.042 0.028
0 0.629 0.065 0.038 0.034
0 0.129 0.065 0.038 0.034
0 0.754 0.05 0.032 0.04
0 0.254 0.05 0.032 0.04
0 0.641 0.044 0.03 0.036
0 0.141 0.044 0.03 0.036
0 0.816 0.044 0.028 0.044
0 0.316 0.044 0.028 0.044
0 0.847 0.014 0.042 0.028
0 0.347 0.014 0.042 0.028
