0 0.792 0.985 0.028 0.03
0 0.292 0.985 0.028 0.03
0 0.682 0.978 0.028 0.04
0 0.182 0.978 0.028 0.04
1 0.797 0.956 0.03 0.04
1 0.297 0.956 0.03 0.04
0 0.723 0.927 0.03 0.038
0 0.223 0.927 0.03 0.038
0 0.668 0.912 0.028 0.036
0 0.168 0.912 0.028 0.036
0 0.868 0.903 0.028 0.038
0 0.818 0.904 0.028 0.04
0 0.368 0.903 0.028 0.038
0 0.318 0.904 0.028 0.04
0 0.806 0.887 0.032 0.038
0 0.306 0.887 0.032 0.038
0 0.72 0.877 0.036 0.034
0 0.22 0.877 0.036 0.034
1 0.931 0.855 0.042 0.034
0 0.881 0.858 0.03 0.04
0 0.793 0.858 0.03 0.04
1 0.431 0.855 0.042 0.034
0 0.381 0.858 0.03 0.04
0 0.293 0.858 0.03 0.04
1 0.685 0.845 0.022 0.022
1 0.185 0.845 0.022 0.022
1 0.687 0.841 0.022 0.022
1 0.187 0.841 0.022 0.022
1 0.677 0.838 0.034 0.032
1 0.177 0.838 0.034 0.032
0 0.881 0.831 0.038 0.034
0 0.714 0.829 0.036 0.03
0 0.381 0.831 0.038 0.034
0 0.214 0.829 0.036 0.03
1 0.911 0.823 0.022 0.022
1 0.411 0.823 0.022 0.022
1 0.834 0.836 0.044 0.052
1 0.334 0.836 0.044 0.052
0 0.696 0.82 0.032 0.036
0 0.196 0.82 0.032 0.036
1 0.902 0.817 0.032 0.034
1 0.402 0.817 0.032 0.034
0 0.787 0.816 0.03 0.04
0 0.287 0.816 0.03 0.04
0 0.756 0.814 0.028 0.04
0 0.256 0.814 0.028 0.04
0 0.797 0.81 0.03 0.036
0 0.297 0.81 0.03 0.036
0 0.64 0.793 0.028 0.038
0 0.14 0.793 0.028 0.038
1 0.728 0.783 0.036 0.034
1 0.228 0.783 0.036 0.034
1 0.691 0.78 0.034 0.036
1 0.191 0.78 0.034 0.036
0 0.949 0.776 0.038 0.032
0 0.845 0.775 0.038 0.03
0 0.449 0.776 0.038 0.032
0 0.345 0.775 0.038 0.03
1 0.752 0.761 0.036 0.038
1 0.252 0.761 0.036 0.038
0 0.856 0.743 0.04 0.026
1 0.639 0.751 0.03 0.042
0 0.356 0.743 0.04 0.026
1 0.139 0.751 0.03 0.042
0 0.801 0.743 0.034 0.034
0 0.301 0.743 0.034 0.034
0 0.903 0.733 0.038 0.026
1 0.749 0.735 0.042 0.03
0 0.403 0.733 0.038 0.026
1 0.249 0.735 0.042 0.03
0 0.68 0.735 0.028 0.034
0 0.18 0.735 0.028 0.034
0 0.871 0.73 0.034 0.032
0 0.818 0.731 0.036 0.034
0 0.371 0.73 0.034 0.032
0 0.318 0.731 0.036 0.034
0 0.951 0.721 0.038 0.026
0 0.451 0.721 0.038 0.026
0 0.545 0.716 0.034 0.032
0 0.045 0.716 0.034 0.032
1 0.747 0.717 0.038 0.038
1 0.247 0.717 0.038 0.038
0 0.872 0.711 0.028 0.038
0 0.372 0.711 0.028 0.038
0 0.694 0.702 0.028 0.036
0 0.194 0.702 0.028 0.036
0 0.836 0.702 0.028 0.04
0 0.336 0.702 0.028 0.04
0 0.784 0.697 0.036 0.034
0 0.284 0.697 0.036 0.034
0 0.81 0.693 0.032 0.038
0 0.31 0.693 0.032 0.038
1 0.92 0.687 0.04 0.03
1 0.42 0.687 0.04 0.03
0 0.68 0.677 0.036 0.034
0 0.18 0.677 0.036 0.034
0 0.831 0.659 0.026 0.038
0 0.331 0.659 0.026 0.038
0 0.759 0.65 0.038 0.028
0 0.259 0.65 0.038 0.028
0 0.615 0.651 0.03 0.038
0 0.115 0.651 0.03 0.038
1 0.797 0.643 0.03 0.038
1 0.297 0.643 0.03 0.038
1 0.803 0.633 0.022 0.022
1 0.303 0.633 0.022 0.022
1 0.799 0.631 0.022 0.022
1 0.299 0.631 0.022 0.022
0 0.66 0.63 0.028 0.04
0 0.16 0.63 0.028 0.04
0 0.823 0.599 0.03 0.046
0 0.323 0.599 0.03 0.046
0 0.745 0.55 0.034 0.028
0 0.245 0.55 0.034 0.028
0 0.827 0.521 0.038 0.03
0 0.327 0.521 0.038 0.03
0 0.704 0.515 0.032 0.038
0 0.204 0.515 0.032 0.038
0 0.786 0.507 0.028 0.034
0 0.286 0.507 0.028 0.034
0 0.792 0.488 0.028 0.036
0 0.292 0.488 0.028 0.036
0 0.682 0.478 0.028 0.04
0 0.182 0.478 0.028 0.04
1 0.797 0.456 0.03 0.04
1 0.297 0.456 0.03 0.04
0 0.723 0.427 0.03 0.038
0 0.223 0.427 0.03 0.038
0 0.668 0.412 0.028 0.036
0 0.168 0.412 0.028 0.036
0 0.868 0.403 0.028 0.038
0 0.818 0.404 0.028 0.04
0 0.368 0.403 0.028 0.038
0 0.318 0.404 0.028 0.04
0 0.806 0.387 0.032 0.038
0 0.306 0.387 0.032 0.038
0 0.72 0.377 0.036 0.034
0 0.22 0.377 0.036 0.034
1 0.931 0.355 0.042 0.034
0 0.881 0.358 0.03 0.04
0 0.793 0.358 0.03 0.04
1 0.431 0.355 0.042 0.034
0 0.381 0.358 0.03 0.04
0 0.293 0.358 0.03 0.04
1 0.685 0.345 0.022 0.022
1 0.185 0.345 0.022 0.022
1 0.687 0.341 0.022 0.022
1 0.187 0.341 0.022 0.022
1 0.677 0.338 0.034 0.032
1 0.177 0.338 0.034 0.032
0 0.881 0.331 0.038 0.034
0 0.714 0.329 0.036 0.03
0 0.381 0.331 0.038 0.034
0 0.214 0.329 0.036 0.03
1 0.911 0.323 0.022 0.022
1 0.411 0.323 0.022 0.022
1 0.834 0.336 0.044 0.052
1 0.334 0.336 0.044 0.052
0 0.696 0.32 0.032 0.036
0 0.196 0.32 0.032 0.036
1 0.902 0.317 0.032 0.034
1 0.402 0.317 0.032 0.034
0 0.787 0.316 0.03 0.04
0 0.287 0.316 0.03 0.04
0 0.756 0.314 0.028 0.04
0 0.256 0.314 0.028 0.04
0 0.797 0.31 0.03 0.036
0 0.297 0.31 0.03 0.036
0 0.64 0.293 0.028 0.038
0 0.14 0.293 0.028 0.038
1 0.728 0.283 0.036 0.034
1 0.228 0.283 0.036 0.034
1 0.691 0.28 0.034 0.036
1 0.191 0.28 0.034 0.036
0 0.949 0.276 0.038 0.032
0 0.845 0.275 0.038 0.03
0 0.449 0.276 0.038 0.032
0 0.345 0.275 0.038 0.03
1 0.752 0.261 0.036 0.038
1 0.252 0.261 0.036 0.038
0 0.856 0.243 0.04 0.026
1 0.639 0.251 0.03 0.042
0 0.356 0.243 0.04 0.026
1 0.139 0.251 0.03 0.042
0 0.801 0.243 0.034 0.034
0 0.301 0.243 0.034 0.034
0 0.903 0.233 0.038 0.026
1 0.749 0.235 0.042 0.03
0 0.403 0.233 0.038 0.026
1 0.249 0.235 0.042 0.03
0 0.68 0.235 0.028 0.034
0 0.18 0.235 0.028 0.034
0 0.871 0.23 0.034 0.032
0 0.818 0.231 0.036 0.034
0 0.371 0.23 0.034 0.032
0 0.318 0.231 0.036 0.034
0 0.951 0.221 0.038 0.026
0 0.451 0.221 0.038 0.026
0 0.545 0.216 0.034 0.032
0 0.045 0.216 0.034 0.032
1 0.747 0.217 0.038 0.038
1 0.247 0.217 0.038 0.038
0 0.872 0.211 0.028 0.038
0 0.372 0.211 0.028 0.038
0 0.694 0.202 0.028 0.036
0 0.194 0.202 0.028 0.036
0 0.836 0.202 0.028 0.04
0 0.336 0.202 0.028 0.04
0 0.784 0.197 0.036 0.034
0 0.284 0.197 0.036 0.034
0 0.81 0.193 0.032 0.038
0 0.31 0.193 0.032 0.038
1 0.92 0.187 0.04 0.03
1 0.42 0.187 0.04 0.03
0 0.68 0.177 0.036 0.034
0 0.18 0.177 0.036 0.034
0 0.831 0.159 0.026 0.038
0 0.331 0.159 0.026 0.038
0 0.759 0.15 0.038 0.028
0 0.259 0.15 0.038 0.028
0 0.615 0.151 0.03 0.038
0 0.115 0.151 0.03 0.038
1 0.797 0.143 0.03 0.038
1 0.297 0.143 0.03 0.038
1 0.803 0.133 0.022 0.022
1 0.303 0.133 0.022 0.022
1 0.799 0.131 0.022 0.022
1 0.299 0.131 0.022 0.022
0 0.66 0.13 0.028 0.04
0 0.16 0.13 0.028 0.04
0 0.823 0.099 0.03 0.046
0 0.323 0.099 0.03 0.046
0 0.745 0.05 0.034 0.028
0 0.245 0.05 0.034 0.028
0 0.827 0.021 0.038 0.03
0 0.327 0.021 0.038 0.03
0 0.704 0.019 0.032 0.038
0 0.204 0.019 0.032 0.038
