1 0.775 0.971 0.034 0.038
1 0.275 0.971 0.034 0.038
0 0.908 0.926 0.032 0.036
0 0.408 0.926 0.032 0.036
0 0.64 0.894 0.036 0.032
0 0.14 0.894 0.036 0.032
0 0.659 0.871 0.03 0.038
0 0.159 0.871 0.03 0.038
1 0.885 0.862 0.038 0.032
1 0.385 0.862 0.038 0.032
0 0.868 0.841 0.036 0.026
0 0.368 0.841 0.036 0.026
0 0.659 0.838 0.038 0.028
0 0.159 0.838 0.038 0.028
0 0.907 0.838 0.03 0.036
0 0.407 0.838 0.03 0.036
0 0.947 0.82 0.034 0.036
0 0.447 0.82 0.034 0.036
1 0.822 0.798 0.052 0.036
1 0.322 0.798 0.052 0.036
1 0.673 0.783 0.03 0.03
1 0.173 0.783 0.03 0.03
0 0.993 0.777 0.014 0.026
0 0.581 0.777 0.038 0.026
0 0.498 0.777 0.024 0.026
0 0.081 0.777 0.038 0.026
1 0.547 0.774 0.022 0.024
1 0.047 0.774 0.022 0.024
0 0.876 0.773 0.04 0.026
0 0.376 0.773 0.04 0.026
0 0.986 0.774 0.028 0.036
1 0.538 0.772 0.032 0.032
0 0.489 0.774 0.034 0.036
1 0.038 0.772 0.032 0.032
0 0.934 0.769 0.028 0.038
0 0.434 0.769 0.028 0.038
1 0.61 0.769 0.032 0.042
1 0.11 0.769 0.032 0.042
0 0.977 0.755 0.038 0.026
0 0.949 0.757 0.042 0.03
0 0.477 0.755 0.038 0.026
0 0.449 0.757 0.042 0.03
1 0.728 0.751 0.04 0.038
1 0.228 0.751 0.04 0.038
0 0.837 0.725 0.038 0.026
0 0.337 0.725 0.038 0.026
0 0.732 0.709 0.032 0.034
0 0.232 0.709 0.032 0.034
0 0.786 0.705 0.028 0.038
0 0.286 0.705 0.028 0.038
1 0.605 0.698 0.038 0.032
1 0.105 0.698 0.038 0.032
0 0.681 0.696 0.034 0.032
0 0.181 0.696 0.034 0.032
0 0.746 0.694 0.036 0.032
0 0.246 0.694 0.036 0.032
0 0.534 0.684 0.036 0.028
0 0.034 0.684 0.036 0.028
0 0.671 0.676 0.026 0.036
0 0.171 0.676 0.026 0.036
1 0.57 0.673 0.048 0.042
0 0.525 0.666 0.034 0.028
1 0.07 0.673 0.048 0.042
0 0.025 0.666 0.034 0.028
1 0.891 0.671 0.03 0.042
1 0.391 0.671 0.03 0.042
1 0.696 0.654 0.032 0.032
1 0.196 0.654 0.032 0.032
1 0.737 0.643 0.022 0.022
1 0.237 0.643 0.022 0.022
1 0.669 0.643 0.038 0.042
1 0.169 0.643 0.038 0.042
0 0.799 0.636 0.03 0.036
0 0.552 0.631 0.036 0.026
0 0.299 0.636 0.03 0.036
0 0.052 0.631 0.036 0.026
0 0.837 0.618 0.03 0.036
0 0.337 0.618 0.03 0.036
0 0.578 0.613 0.036 0.034
0 0.078 0.613 0.036 0.034
1 0.517 0.613 0.03 0.038
1 0.017 0.613 0.03 0.038
0 0.842 0.608 0.032 0.036
0 0.668 0.607 0.032 0.034
0 0.342 0.608 0.032 0.036
0 0.168 0.607 0.032 0.034
1 0.787 0.602 0.038 0.032
1 0.287 0.602 0.038 0.032
0 0.748 0.603 0.028 0.038
0 0.248 0.603 0.028 0.038
0 0.622 0.594 0.028 0.036
0 0.122 0.594 0.028 0.036
0 0.634 0.574 0.036 0.028
0 0.134 0.574 0.036 0.028
0 0.707 0.575 0.034 0.034
0 0.207 0.575 0.034 0.034
1 0.733 0.576 0.05 0.04
1 0.233 0.576 0.05 0.04
1 0.545 0.573 0.046 0.046
1 0.045 0.573 0.046 0.046
1 0.561 0.534 0.038 0.04
1 0.061 0.534 0.038 0.04
0 0.594 0.528 0.028 0.036
0 0.094 0.528 0.028 0.036
0 0.62 0.513 0.028 0.038
0 0.12 0.513 0.028 0.038
1 0.775 0.471 0.034 0.038
1 0.275 0.471 0.034 0.038
0 0.908 0.426 0.032 0.036
0 0.408 0.426 0.032 0.036
0 0.64 0.394 0.036 0.032
0 0.14 0.394 0.036 0.032
0 0.659 0.371 0.03 0.038
0 0.159 0.371 0.03 0.038
1 0.885 0.362 0.038 0.032
1 0.385 0.362 0.038 0.032
0 0.868 0.341 0.036 0.026
0 0.368 0.341 0.036 0.026
0 0.659 0.338 0.038 0.028
0 0.159 0.338 0.038 0.028
0 0.907 0.338 0.03 0.036
0 0.407 0.338 0.03 0.036
0 0.947 0.32 0.034 0.036
0 0.447 0.32 0.034 0.036
1 0.822 0.298 0.052 0.036
1 0.322 0.298 0.052 0.036
1 0.673 0.283 0.03 0.03
1 0.173 0.283 0.03 0.03
0 0.993 0.277 0.014 0.026
0 0.581 0.277 0.038 0.026
0 0.498 0.277 0.024 0.026
0 0.081 0.277 0.038 0.026
1 0.547 0.274 0.022 0.024
1 0.047 0.274 0.022 0.024
0 0.876 0.273 0.04 0.026
0 0.376 0.273 0.04 0.026
0 0.986 0.274 0.028 0.036
1 0.538 0.272 0.032 0.032
0 0.489 0.274 0.034 0.036
1 0.038 0.272 0.032 0.032
0 0.934 0.269 0.028 0.038
0 0.434 0.269 0.028 0.038
1 0.61 0.269 0.032 0.042
1 0.11 0.269 0.032 0.042
0 0.977 0.255 0.038 0.026
0 0.949 0.257 0.042 0.03
0 0.477 0.255 0.038 0.026
0 0.449 0.257 0.042 0.03
1 0.728 0.251 0.04 0.038
1 0.228 0.251 0.04 0.038
0 0.837 0.225 0.038 0.026
0 0.337 0.225 0.038 0.026
0 0.732 0.209 0.032 0.034
0 0.232 0.209 0.032 0.034
0 0.786 0.205 0.028 0.038
0 0.286 0.205 0.028 0.038
1 0.605 0.198 0.038 0.032
1 0.105 0.198 0.038 0.032
0 0.681 0.196 0.034 0.032
0 0.181 0.196 0.034 0.032
0 0.746 0.194 0.036 0.032
0 0.246 0.194 0.036 0.032
0 0.534 0.184 0.036 0.028
0 0.034 0.184 0.036 0.028
0 0.671 0.176 0.026 0.036
0 0.171 0.176 0.026 0.036
1 0.57 0.173 0.048 0.042
0 0.525 0.166 0.034 0.028
1 0.07 0.173 0.048 0.042
0 0.025 0.166 0.034 0.028
1 0.891 0.171 0.03 0.042
1 0.391 0.171 0.03 0.042
1 0.696 0.154 0.032 0.032
1 0.196 0.154 0.032 0.032
1 0.737 0.143 0.022 0.022
1 0.237 0.143 0.022 0.022
1 0.669 0.143 0.038 0.042
1 0.169 0.143 0.038 0.042
0 0.799 0.136 0.03 0.036
0 0.552 0.131 0.036 0.026
0 0.299 0.136 0.03 0.036
0 0.052 0.131 0.036 0.026
0 0.837 0.118 0.03 0.036
0 0.337 0.118 0.03 0.036
0 0.578 0.113 0.036 0.034
0 0.078 0.113 0.036 0.034
1 0.517 0.113 0.03 0.038
1 0.017 0.113 0.03 0.038
0 0.842 0.108 0.032 0.036
0 0.668 0.107 0.032 0.034
0 0.342 0.108 0.032 0.036
0 0.168 0.107 0.032 0.034
1 0.787 0.102 0.038 0.032
1 0.287 0.102 0.038 0.032
0 0.748 0.103 0.028 0.038
0 0.248 0.103 0.028 0.038
0 0.622 0.094 0.028 0.036
0 0.122 0.094 0.028 0.036
0 0.634 0.074 0.036 0.028
0 0.134 0.074 0.036 0.028
0 0.707 0.075 0.034 0.034
0 0.207 0.075 0.034 0.034
1 0.733 0.076 0.05 0.04
1 0.233 0.076 0.05 0.04
1 0.545 0.073 0.046 0.046
1 0.045 0.073 0.046 0.046
1 0.561 0.034 0.038 0.04
1 0.061 0.034 0.038 0.04
0 0.594 0.028 0.028 0.036
0 0.094 0.028 0.028 0.036
0 0.62 0.019 0.028 0.038
0 0.12 0.019 0.028 0.038
