0 0.88 0.984 0.028 0.032
0 0.38 0.984 0.028 0.032
0 0.906 0.972 0.028 0.036
0 0.406 0.972 0.028 0.036
1 0.939 0.966 0.038 0.04
1 0.439 0.966 0.038 0.04
0 0.866 0.926 0.036 0.028
0 0.366 0.926 0.036 0.028
0 0.793 0.925 0.034 0.034
0 0.293 0.925 0.034 0.034
1 0.955 0.927 0.046 0.046
1 0.767 0.924 0.05 0.04
1 0.455 0.927 0.046 0.046
1 0.267 0.924 0.05 0.04
0 0.878 0.906 0.028 0.036
0 0.378 0.906 0.028 0.036
1 0.713 0.898 0.038 0.032
1 0.213 0.898 0.038 0.032
0 0.752 0.897 0.028 0.038
0 0.252 0.897 0.028 0.038
0 0.832 0.893 0.032 0.034
0 0.332 0.893 0.032 0.034
0 0.658 0.892 0.032 0.036
0 0.158 0.892 0.032 0.036
0 0.922 0.887 0.036 0.034
0 0.422 0.887 0.036 0.034
1 0.983 0.887 0.03 0.038
1 0.483 0.887 0.03 0.038
0 0.663 0.882 0.03 0.036
0 0.163 0.882 0.03 0.036
0 0.948 0.869 0.036 0.026
0 0.448 0.869 0.036 0.026
1 0.763 0.857 0.022 0.022
0 0.701 0.864 0.03 0.036
1 0.263 0.857 0.022 0.022
0 0.201 0.864 0.03 0.036
1 0.831 0.857 0.038 0.042
1 0.331 0.857 0.038 0.042
1 0.804 0.846 0.032 0.032
1 0.304 0.846 0.032 0.032
0 0.975 0.834 0.034 0.028
0 0.475 0.834 0.034 0.028
1 0.609 0.829 0.03 0.042
1 0.109 0.829 0.03 0.042
1 0.93 0.827 0.048 0.042
0 0.829 0.824 0.026 0.036
1 0.43 0.827 0.048 0.042
0 0.329 0.824 0.026 0.036
0 0.966 0.816 0.036 0.028
0 0.466 0.816 0.036 0.028
0 0.754 0.806 0.036 0.032
0 0.254 0.806 0.036 0.032
0 0.819 0.804 0.034 0.032
0 0.319 0.804 0.034 0.032
1 0.895 0.802 0.038 0.032
1 0.395 0.802 0.038 0.032
0 0.714 0.795 0.028 0.038
0 0.214 0.795 0.028 0.038
0 0.768 0.791 0.032 0.034
0 0.268 0.791 0.032 0.034
0 0.663 0.775 0.038 0.026
0 0.163 0.775 0.038 0.026
0 0.523 0.745 0.038 0.026
0 0.023 0.745 0.038 0.026
1 0.772 0.749 0.04 0.038
1 0.272 0.749 0.04 0.038
0 0.551 0.743 0.042 0.03
0 0.051 0.743 0.042 0.03
1 0.953 0.726 0.022 0.024
0 0.624 0.727 0.04 0.026
1 0.453 0.726 0.022 0.024
0 0.124 0.727 0.04 0.026
1 0.962 0.728 0.032 0.032
0 0.566 0.731 0.028 0.038
1 0.462 0.728 0.032 0.032
0 0.066 0.731 0.028 0.038
0 0.919 0.723 0.038 0.026
1 0.89 0.731 0.032 0.042
0 0.502 0.723 0.024 0.026
0 0.419 0.723 0.038 0.026
1 0.39 0.731 0.032 0.042
0 0.012 0.723 0.024 0.026
0 0.511 0.726 0.034 0.036
0 0.017 0.726 0.034 0.036
1 0.827 0.717 0.03 0.03
1 0.327 0.717 0.03 0.03
1 0.678 0.702 0.052 0.036
1 0.178 0.702 0.052 0.036
0 0.553 0.68 0.034 0.036
0 0.053 0.68 0.034 0.036
0 0.841 0.662 0.038 0.028
0 0.341 0.662 0.038 0.028
0 0.632 0.659 0.036 0.026
0 0.132 0.659 0.036 0.026
0 0.593 0.662 0.03 0.036
0 0.093 0.662 0.03 0.036
1 0.615 0.638 0.038 0.032
1 0.115 0.638 0.038 0.032
0 0.841 0.629 0.03 0.038
0 0.341 0.629 0.03 0.038
0 0.86 0.606 0.036 0.032
0 0.36 0.606 0.036 0.032
0 0.592 0.574 0.032 0.036
0 0.092 0.574 0.032 0.036
1 0.725 0.529 0.034 0.038
1 0.225 0.529 0.034 0.038
0 0.88 0.487 0.028 0.038
0 0.38 0.487 0.028 0.038
0 0.906 0.472 0.028 0.036
0 0.406 0.472 0.028 0.036
1 0.939 0.466 0.038 0.04
1 0.439 0.466 0.038 0.04
0 0.866 0.426 0.036 0.028
0 0.366 0.426 0.036 0.028
0 0.793 0.425 0.034 0.034
0 0.293 0.425 0.034 0.034
1 0.955 0.427 0.046 0.046
1 0.767 0.424 0.05 0.04
1 0.455 0.427 0.046 0.046
1 0.267 0.424 0.05 0.04
0 0.878 0.406 0.028 0.036
0 0.378 0.406 0.028 0.036
1 0.713 0.398 0.038 0.032
1 0.213 0.398 0.038 0.032
0 0.752 0.397 0.028 0.038
0 0.252 0.397 0.028 0.038
0 0.832 0.393 0.032 0.034
0 0.332 0.393 0.032 0.034
0 0.658 0.392 0.032 0.036
0 0.158 0.392 0.032 0.036
0 0.922 0.387 0.036 0.034
0 0.422 0.387 0.036 0.034
1 0.983 0.387 0.03 0.038
1 0.483 0.387 0.03 0.038
0 0.663 0.382 0.03 0.036
0 0.163 0.382 0.03 0.036
0 0.948 0.369 0.036 0.026
0 0.448 0.369 0.036 0.026
1 0.763 0.357 0.022 0.022
0 0.701 0.364 0.03 0.036
1 0.263 0.357 0.022 0.022
0 0.201 0.364 0.03 0.036
1 0.831 0.357 0.038 0.042
1 0.331 0.357 0.038 0.042
1 0.804 0.346 0.032 0.032
1 0.304 0.346 0.032 0.032
0 0.975 0.334 0.034 0.028
0 0.475 0.334 0.034 0.028
1 0.609 0.329 0.03 0.042
1 0.109 0.329 0.03 0.042
1 0.93 0.327 0.048 0.042
0 0.829 0.324 0.026 0.036
1 0.43 0.327 0.048 0.042
0 0.329 0.324 0.026 0.036
0 0.966 0.316 0.036 0.028
0 0.466 0.316 0.036 0.028
0 0.754 0.306 0.036 0.032
0 0.254 0.306 0.036 0.032
0 0.819 0.304 0.034 0.032
0 0.319 0.304 0.034 0.032
1 0.895 0.302 0.038 0.032
1 0.395 0.302 0.038 0.032
0 0.714 0.295 0.028 0.038
0 0.214 0.295 0.028 0.038
0 0.768 0.291 0.032 0.034
0 0.268 0.291 0.032 0.034
0 0.663 0.275 0.038 0.026
0 0.163 0.275 0.038 0.026
0 0.523 0.245 0.038 0.026
0 0.023 0.245 0.038 0.026
1 0.772 0.249 0.04 0.038
1 0.272 0.249 0.04 0.038
0 0.551 0.243 0.042 0.03
0 0.051 0.243 0.042 0.03
1 0.953 0.226 0.022 0.024
0 0.624 0.227 0.04 0.026
1 0.453 0.226 0.022 0.024
0 0.124 0.227 0.04 0.026
1 0.962 0.228 0.032 0.032
0 0.566 0.231 0.028 0.038
1 0.462 0.228 0.032 0.032
0 0.066 0.231 0.028 0.038
0 0.919 0.223 0.038 0.026
1 0.89 0.231 0.032 0.042
0 0.502 0.223 0.024 0.026
0 0.419 0.223 0.038 0.026
1 0.39 0.231 0.032 0.042
0 0.012 0.223 0.024 0.026
0 0.511 0.226 0.034 0.036
0 0.017 0.226 0.034 0.036
1 0.827 0.217 0.03 0.03
1 0.327 0.217 0.03 0.03
1 0.678 0.202 0.052 0.036
1 0.178 0.202 0.052 0.036
0 0.553 0.18 0.034 0.036
0 0.053 0.18 0.034 0.036
0 0.841 0.162 0.038 0.028
0 0.341 0.162 0.038 0.028
0 0.632 0.159 0.036 0.026
0 0.132 0.159 0.036 0.026
0 0.593 0.162 0.03 0.036
0 0.093 0.162 0.03 0.036
1 0.615 0.138 0.038 0.032
1 0.115 0.138 0.038 0.032
0 0.841 0.129 0.03 0.038
0 0.341 0.129 0.03 0.038
0 0.86 0.106 0.036 0.032
0 0.36 0.106 0.036 0.032
0 0.592 0.074 0.032 0.036
0 0.092 0.074 0.032 0.036
1 0.725 0.029 0.034 0.038
1 0.225 0.029 0.034 0.038
