0 0.653 0.989 0.042 0.022
0 0.153 0.989 0.042 0.022
0 0.859 0.956 0.03 0.036
0 0.359 0.956 0.03 0.036
0 0.684 0.956 0.028 0.044
0 0.184 0.956 0.028 0.044
0 0.746 0.95 0.032 0.04
0 0.246 0.95 0.032 0.04
0 0.871 0.935 0.038 0.034
0 0.801 0.932 0.042 0.028
0 0.371 0.935 0.038 0.034
0 0.301 0.932 0.042 0.028
1 0.731 0.907 0.03 0.046
1 0.231 0.907 0.03 0.046
1 0.905 0.884 0.042 0.028
1 0.405 0.884 0.042 0.028
0 0.698 0.868 0.036 0.036
0 0.198 0.868 0.036 0.036
1 0.794 0.861 0.036 0.042
1 0.294 0.861 0.036 0.042
1 0.626 0.846 0.04 0.04
1 0.126 0.846 0.04 0.04
0 0.755 0.839 0.03 0.038
0 0.255 0.839 0.03 0.038
1 0.874 0.839 0.032 0.046
1 0.374 0.839 0.032 0.046
0 0.832 0.825 0.032 0.038
0 0.332 0.825 0.032 0.038
0 0.678 0.818 0.04 0.032
0 0.178 0.818 0.04 0.032
0 0.636 0.803 0.04 0.034
0 0.136 0.803 0.04 0.034
0 0.944 0.801 0.036 0.034
0 0.444 0.801 0.036 0.034
1 0.678 0.792 0.032 0.04
1 0.178 0.792 0.032 0.04
1 0.717 0.786 0.046 0.032
1 0.217 0.786 0.046 0.032
1 0.775 0.785 0.03 0.038
1 0.275 0.785 0.03 0.038
0 0.865 0.752 0.038 0.032
0 0.365 0.752 0.038 0.032
0 0.96 0.754 0.028 0.04
1 0.801 0.756 0.046 0.044
0 0.46 0.754 0.028 0.04
1 0.301 0.756 0.046 0.044
1 0.686 0.74 0.032 0.048
1 0.186 0.74 0.032 0.048
0 0.642 0.73 0.028 0.04
0 0.142 0.73 0.028 0.04
1 0.771 0.73 0.03 0.044
1 0.271 0.73 0.03 0.044
1 0.601 0.718 0.058 0.04
1 0.101 0.718 0.058 0.04
0 0.912 0.713 0.036 0.034
0 0.412 0.713 0.036 0.034
0 0.821 0.692 0.042 0.028
0 0.321 0.692 0.042 0.028
1 0.719 0.689 0.038 0.038
1 0.219 0.689 0.038 0.038
1 0.748 0.691 0.052 0.046
1 0.248 0.691 0.052 0.046
0 0.887 0.68 0.038 0.028
0 0.387 0.68 0.038 0.028
0 0.524 0.675 0.032 0.03
0 0.024 0.675 0.032 0.03
0 0.8 0.674 0.028 0.04
0 0.3 0.674 0.028 0.04
1 0.697 0.673 0.034 0.042
1 0.197 0.673 0.034 0.042
0 0.9 0.657 0.04 0.026
0 0.4 0.657 0.04 0.026
1 0.651 0.657 0.042 0.038
1 0.151 0.657 0.042 0.038
1 0.788 0.638 0.044 0.032
0 0.74 0.643 0.028 0.042
1 0.288 0.638 0.044 0.032
0 0.24 0.643 0.028 0.042
1 0.872 0.627 0.028 0.042
1 0.372 0.627 0.028 0.042
1 0.777 0.608 0.042 0.036
1 0.277 0.608 0.042 0.036
0 0.617 0.594 0.042 0.028
0 0.117 0.594 0.042 0.028
0 0.704 0.589 0.036 0.034
0 0.204 0.589 0.036 0.034
0 0.848 0.584 0.032 0.04
0 0.348 0.584 0.032 0.04
0 0.654 0.574 0.036 0.036
0 0.154 0.574 0.036 0.036
1 0.758 0.52 0.044 0.032
1 0.258 0.52 0.044 0.032
0 0.653 0.492 0.042 0.028
0 0.153 0.492 0.042 0.028
0 0.859 0.456 0.03 0.036
0 0.359 0.456 0.03 0.036
0 0.684 0.456 0.028 0.044
0 0.184 0.456 0.028 0.044
0 0.746 0.45 0.032 0.04
0 0.246 0.45 0.032 0.04
0 0.871 0.435 0.038 0.034
0 0.801 0.432 0.042 0.028
0 0.371 0.435 0.038 0.034
0 0.301 0.432 0.042 0.028
1 0.731 0.407 0.03 0.046
1 0.231 0.407 0.03 0.046
1 0.905 0.384 0.042 0.028
1 0.405 0.384 0.042 0.028
0 0.698 0.368 0.036 0.036
0 0.198 0.368 0.036 0.036
1 0.794 0.361 0.036 0.042
1 0.294 0.361 0.036 0.042
1 0.626 0.346 0.04 0.04
1 0.126 0.346 0.04 0.04
0 0.755 0.339 0.03 0.038
0 0.255 0.339 0.03 0.038
1 0.874 0.339 0.032 0.046
1 0.374 0.339 0.032 0.046
0 0.832 0.325 0.032 0.038
0 0.332 0.325 0.032 0.038
0 0.678 0.318 0.04 0.032
0 0.178 0.318 0.04 0.032
0 0.636 0.303 0.04 0.034
0 0.136 0.303 0.04 0.034
0 0.944 0.301 0.036 0.034
0 0.444 0.301 0.036 0.034
1 0.678 0.292 0.032 0.04
1 0.178 0.292 0.032 0.04
1 0.717 0.286 0.046 0.032
1 0.217 0.286 0.046 0.032
1 0.775 0.285 0.03 0.038
1 0.275 0.285 0.03 0.038
0 0.865 0.252 0.038 0.032
0 0.365 0.252 0.038 0.032
0 0.96 0.254 0.028 0.04
1 0.801 0.256 0.046 0.044
0 0.46 0.254 0.028 0.04
1 0.301 0.256 0.046 0.044
1 0.686 0.24 0.032 0.048
1 0.186 0.24 0.032 0.048
0 0.642 0.23 0.028 0.04
0 0.142 0.23 0.028 0.04
1 0.771 0.23 0.03 0.044
1 0.271 0.23 0.03 0.044
1 0.601 0.218 0.058 0.04
1 0.101 0.218 0.058 0.04
0 0.912 0.213 0.036 0.034
0 0.412 0.213 0.036 0.034
0 0.821 0.192 0.042 0.028
0 0.321 0.192 0.042 0.028
1 0.719 0.189 0.038 0.038
1 0.219 0.189 0.038 0.038
1 0.748 0.191 0.052 0.046
1 0.248 0.191 0.052 0.046
0 0.887 0.18 0.038 0.028
0 0.387 0.18 0.038 0.028
0 0.524 0.175 0.032 0.03
0 0.024 0.175 0.032 0.03
0 0.8 0.174 0.028 0.04
0 0.3 0.174 0.028 0.04
1 0.697 0.173 0.034 0.042
1 0.197 0.173 0.034 0.042
0 0.9 0.157 0.04 0.026
0 0.4 0.157 0.04 0.026
1 0.651 0.157 0.042 0.038
1 0.151 0.157 0.042 0.038
1 0.788 0.138 0.044 0.032
0 0.74 0.143 0.028 0.042
1 0.288 0.138 0.044 0.032
0 0.24 0.143 0.028 0.042
1 0.872 0.127 0.028 0.042
1 0.372 0.127 0.028 0.042
1 0.777 0.108 0.042 0.036
1 0.277 0.108 0.042 0.036
0 0.617 0.094 0.042 0.028
0 0.117 0.094 0.042 0.028
0 0.704 0.089 0.036 0.034
0 0.204 0.089 0.036 0.034
0 0.848 0.084 0.032 0.04
0 0.348 0.084 0.032 0.04
0 0.654 0.074 0.036 0.036
0 0.154 0.074 0.036 0.036
1 0.758 0.02 0.044 0.032
1 0.258 0.02 0.044 0.032
