1 0.613 0.983 0.038 0.03
1 0.113 0.983 0.038 0.03
0 0.666 0.975 0.028 0.034
0 0.166 0.975 0.028 0.034
0 0.684 0.966 0.028 0.036
0 0.184 0.966 0.028 0.036
1 0.772 0.962 0.032 0.032
1 0.272 0.962 0.032 0.032
1 0.774 0.953 0.024 0.022
1 0.274 0.953 0.024 0.022
1 0.573 0.955 0.046 0.046
1 0.073 0.955 0.046 0.046
0 0.631 0.948 0.026 0.036
0 0.131 0.948 0.026 0.036
1 0.534 0.939 0.04 0.038
1 0.034 0.939 0.04 0.038
1 0.673 0.93 0.042 0.048
1 0.173 0.93 0.042 0.048
0 0.613 0.922 0.034 0.036
0 0.113 0.922 0.034 0.036
0 0.777 0.919 0.026 0.038
0 0.277 0.919 0.026 0.038
0 0.528 0.906 0.036 0.028
0 0.028 0.906 0.036 0.028
1 0.698 0.895 0.032 0.038
1 0.198 0.895 0.032 0.038
1 0.769 0.89 0.042 0.032
1 0.269 0.89 0.042 0.032
0 0.513 0.88 0.038 0.028
0 0.019 0.88 0.038 0.028
0 0.594 0.878 0.036 0.028
0 0.094 0.878 0.036 0.028
0 0.574 0.866 0.028 0.036
0 0.074 0.866 0.028 0.036
0 0.894 0.86 0.032 0.036
0 0.394 0.86 0.032 0.036
0 0.871 0.841 0.038 0.03
0 0.371 0.841 0.038 0.03
0 0.838 0.841 0.028 0.038
0 0.338 0.841 0.028 0.038
0 0.676 0.829 0.036 0.026
0 0.607 0.832 0.034 0.032
0 0.176 0.829 0.036 0.026
0 0.107 0.832 0.034 0.032
1 0.783 0.827 0.03 0.03
1 0.643 0.831 0.042 0.038
1 0.283 0.827 0.03 0.03
1 0.143 0.831 0.042 0.038
0 0.696 0.819 0.032 0.034
0 0.196 0.819 0.032 0.034
1 0.654 0.804 0.032 0.032
1 0.154 0.804 0.032 0.032
0 0.575 0.793 0.034 0.034
0 0.075 0.793 0.034 0.034
1 0.751 0.772 0.038 0.04
0 0.709 0.768 0.034 0.032
1 0.643 0.763 0.022 0.022
1 0.251 0.772 0.038 0.04
0 0.209 0.768 0.034 0.032
1 0.143 0.763 0.022 0.022
1 0.576 0.767 0.04 0.05
1 0.076 0.767 0.04 0.05
0 0.603 0.752 0.038 0.028
0 0.103 0.752 0.038 0.028
0 0.694 0.754 0.032 0.036
0 0.194 0.754 0.032 0.036
1 0.971 0.725 0.038 0.034
1 0.471 0.725 0.038 0.034
0 0.705 0.714 0.038 0.028
0 0.205 0.714 0.038 0.028
1 0.602 0.713 0.032 0.038
1 0.102 0.713 0.032 0.038
0 0.636 0.701 0.036 0.03
0 0.136 0.701 0.036 0.03
1 0.798 0.678 0.036 0.052
1 0.298 0.678 0.036 0.052
0 0.618 0.663 0.036 0.03
0 0.118 0.663 0.036 0.03
0 0.725 0.663 0.026 0.038
0 0.225 0.663 0.026 0.038
0 0.608 0.658 0.036 0.032
0 0.108 0.658 0.036 0.032
0 0.841 0.632 0.026 0.036
0 0.341 0.632 0.026 0.036
0 0.773 0.624 0.026 0.04
0 0.273 0.624 0.026 0.04
1 0.862 0.615 0.032 0.038
1 0.362 0.615 0.032 0.038
1 0.671 0.609 0.042 0.03
1 0.171 0.609 0.042 0.03
0 0.838 0.593 0.036 0.03
0 0.338 0.593 0.036 0.03
0 0.926 0.592 0.036 0.032
0 0.426 0.592 0.036 0.032
0 0.769 0.566 0.038 0.028
0 0.269 0.566 0.038 0.028
0 0.82 0.553 0.036 0.034
0 0.32 0.553 0.036 0.034
0 0.757 0.551 0.03 0.042
0 0.257 0.551 0.03 0.042
0 0.755 0.523 0.026 0.038
0 0.255 0.523 0.026 0.038
0 0.774 0.511 0.036 0.034
0 0.274 0.511 0.036 0.034
0 0.777 0.502 0.026 0.024
0 0.277 0.502 0.026 0.024
1 0.613 0.483 0.038 0.03
1 0.113 0.483 0.038 0.03
0 0.666 0.475 0.028 0.034
0 0.166 0.475 0.028 0.034
0 0.684 0.466 0.028 0.036
0 0.184 0.466 0.028 0.036
1 0.772 0.462 0.032 0.032
1 0.272 0.462 0.032 0.032
1 0.774 0.453 0.024 0.022
1 0.274 0.453 0.024 0.022
1 0.573 0.455 0.046 0.046
1 0.073 0.455 0.046 0.046
0 0.631 0.448 0.026 0.036
0 0.131 0.448 0.026 0.036
1 0.534 0.439 0.04 0.038
1 0.034 0.439 0.04 0.038
1 0.673 0.43 0.042 0.048
1 0.173 0.43 0.042 0.048
0 0.613 0.422 0.034 0.036
0 0.113 0.422 0.034 0.036
0 0.777 0.419 0.026 0.038
0 0.277 0.419 0.026 0.038
0 0.528 0.406 0.036 0.028
0 0.028 0.406 0.036 0.028
1 0.698 0.395 0.032 0.038
1 0.198 0.395 0.032 0.038
1 0.769 0.39 0.042 0.032
1 0.269 0.39 0.042 0.032
0 0.513 0.38 0.038 0.028
0 0.019 0.38 0.038 0.028
0 0.594 0.378 0.036 0.028
0 0.094 0.378 0.036 0.028
0 0.574 0.366 0.028 0.036
0 0.074 0.366 0.028 0.036
0 0.894 0.36 0.032 0.036
0 0.394 0.36 0.032 0.036
0 0.871 0.341 0.038 0.03
0 0.371 0.341 0.038 0.03
0 0.838 0.341 0.028 0.038
0 0.338 0.341 0.028 0.038
0 0.676 0.329 0.036 0.026
0 0.607 0.332 0.034 0.032
0 0.176 0.329 0.036 0.026
0 0.107 0.332 0.034 0.032
1 0.783 0.327 0.03 0.03
1 0.643 0.331 0.042 0.038
1 0.283 0.327 0.03 0.03
1 0.143 0.331 0.042 0.038
0 0.696 0.319 0.032 0.034
0 0.196 0.319 0.032 0.034
1 0.654 0.304 0.032 0.032
1 0.154 0.304 0.032 0.032
0 0.575 0.293 0.034 0.034
0 0.075 0.293 0.034 0.034
1 0.751 0.272 0.038 0.04
0 0.709 0.268 0.034 0.032
1 0.643 0.263 0.022 0.022
1 0.251 0.272 0.038 0.04
0 0.209 0.268 0.034 0.032
1 0.143 0.263 0.022 0.022
1 0.576 0.267 0.04 0.05
1 0.076 0.267 0.04 0.05
0 0.603 0.252 0.038 0.028
0 0.103 0.252 0.038 0.028
0 0.694 0.254 0.032 0.036
0 0.194 0.254 0.032 0.036
1 0.971 0.225 0.038 0.034
1 0.471 0.225 0.038 0.034
0 0.705 0.214 0.038 0.028
0 0.205 0.214 0.038 0.028
1 0.602 0.213 0.032 0.038
1 0.102 0.213 0.032 0.038
0 0.636 0.201 0.036 0.03
0 0.136 0.201 0.036 0.03
1 0.798 0.178 0.036 0.052
1 0.298 0.178 0.036 0.052
0 0.618 0.163 0.036 0.03
0 0.118 0.163 0.036 0.03
0 0.725 0.163 0.026 0.038
0 0.225 0.163 0.026 0.038
0 0.608 0.158 0.036 0.032
0 0.108 0.158 0.036 0.032
0 0.841 0.132 0.026 0.036
0 0.341 0.132 0.026 0.036
0 0.773 0.124 0.026 0.04
0 0.273 0.124 0.026 0.04
1 0.862 0.115 0.032 0.038
1 0.362 0.115 0.032 0.038
1 0.671 0.109 0.042 0.03
1 0.171 0.109 0.042 0.03
0 0.838 0.093 0.036 0.03
0 0.338 0.093 0.036 0.03
0 0.926 0.092 0.036 0.032
0 0.426 0.092 0.036 0.032
0 0.769 0.066 0.038 0.028
0 0.269 0.066 0.038 0.028
0 0.82 0.053 0.036 0.034
0 0.32 0.053 0.036 0.034
0 0.757 0.051 0.03 0.042
0 0.257 0.051 0.03 0.042
0 0.755 0.023 0.026 0.038
0 0.255 0.023 0.026 0.038
0 0.774 0.017 0.036 0.034
0 0.274 0.017 0.036 0.034
0 0.777 0.012 0.026 0.024
0 0.277 0.012 0.026 0.024
