0 0.675 0.976 0.03 0.032
0 0.175 0.976 0.03 0.032
1 0.718 0.899 0.04 0.058
1 0.218 0.899 0.04 0.058
0 0.594 0.883 0.028 0.042
0 0.094 0.883 0.028 0.042
1 0.846 0.874 0.04 0.04
1 0.346 0.874 0.04 0.04
0 0.803 0.864 0.034 0.04
0 0.73 0.858 0.04 0.028
0 0.303 0.864 0.034 0.04
0 0.23 0.858 0.04 0.028
1 0.657 0.849 0.038 0.042
0 0.574 0.846 0.036 0.036
1 0.157 0.849 0.038 0.042
0 0.074 0.846 0.036 0.036
0 0.989 0.847 0.022 0.042
0 0.492 0.847 0.028 0.042
1 0.792 0.822 0.04 0.032
1 0.292 0.822 0.04 0.032
0 0.956 0.816 0.044 0.028
0 0.818 0.822 0.032 0.04
0 0.456 0.816 0.044 0.028
0 0.318 0.822 0.032 0.04
1 0.74 0.814 0.048 0.032
1 0.24 0.814 0.048 0.032
1 0.673 0.803 0.042 0.034
1 0.173 0.803 0.042 0.034
0 0.868 0.802 0.036 0.036
0 0.368 0.802 0.036 0.036
0 0.589 0.796 0.034 0.036
0 0.089 0.796 0.034 0.036
1 0.689 0.781 0.038 0.038
1 0.189 0.781 0.038 0.038
1 0.786 0.783 0.032 0.046
1 0.286 0.783 0.032 0.046
1 0.907 0.769 0.046 0.03
1 0.407 0.769 0.046 0.03
0 0.643 0.76 0.042 0.028
0 0.143 0.76 0.042 0.028
0 0.95 0.754 0.04 0.032
0 0.45 0.754 0.04 0.032
0 0.839 0.745 0.038 0.03
0 0.339 0.745 0.038 0.03
1 0.691 0.752 0.046 0.052
1 0.191 0.752 0.046 0.052
1 0.52 0.742 0.032 0.044
1 0.02 0.742 0.032 0.044
1 0.73 0.729 0.044 0.03
1 0.23 0.729 0.044 0.03
1 0.785 0.725 0.038 0.03
1 0.285 0.725 0.038 0.03
1 0.608 0.723 0.036 0.042
1 0.108 0.723 0.036 0.042
1 0.638 0.712 0.032 0.044
1 0.138 0.712 0.032 0.044
1 0.861 0.706 0.042 0.036
1 0.361 0.706 0.042 0.036
0 0.674 0.7 0.04 0.028
0 0.174 0.7 0.04 0.028
0 0.932 0.699 0.028 0.042
0 0.432 0.699 0.028 0.042
1 0.756 0.699 0.044 0.046
1 0.256 0.699 0.044 0.046
0 0.692 0.679 0.028 0.042
0 0.192 0.679 0.028 0.042
0 0.825 0.668 0.038 0.032
0 0.325 0.668 0.038 0.032
0 0.584 0.652 0.04 0.032
0 0.084 0.652 0.04 0.032
0 0.956 0.641 0.036 0.03
0 0.456 0.641 0.036 0.03
0 0.752 0.635 0.032 0.038
0 0.252 0.635 0.032 0.038
1 0.627 0.628 0.042 0.028
1 0.127 0.628 0.042 0.028
0 0.935 0.629 0.034 0.038
1 0.839 0.626 0.046 0.032
0 0.435 0.629 0.034 0.038
1 0.339 0.626 0.046 0.032
0 0.68 0.613 0.028 0.038
0 0.18 0.613 0.028 0.038
0 0.657 0.6 0.026 0.04
0 0.157 0.6 0.026 0.04
1 0.884 0.595 0.028 0.042
1 0.384 0.595 0.028 0.042
0 0.713 0.588 0.034 0.036
0 0.213 0.588 0.034 0.036
0 0.801 0.556 0.034 0.036
0 0.301 0.556 0.034 0.036
0 0.754 0.54 0.04 0.028
0 0.254 0.54 0.04 0.028
0 0.675 0.476 0.03 0.032
0 0.175 0.476 0.03 0.032
1 0.718 0.399 0.04 0.058
1 0.218 0.399 0.04 0.058
0 0.594 0.383 0.028 0.042
0 0.094 0.383 0.028 0.042
1 0.846 0.374 0.04 0.04
1 0.346 0.374 0.04 0.04
0 0.803 0.364 0.034 0.04
0 0.73 0.358 0.04 0.028
0 0.303 0.364 0.034 0.04
0 0.23 0.358 0.04 0.028
1 0.657 0.349 0.038 0.042
0 0.574 0.346 0.036 0.036
1 0.157 0.349 0.038 0.042
0 0.074 0.346 0.036 0.036
0 0.989 0.347 0.022 0.042
0 0.492 0.347 0.028 0.042
1 0.792 0.322 0.04 0.032
1 0.292 0.322 0.04 0.032
0 0.956 0.316 0.044 0.028
0 0.818 0.322 0.032 0.04
0 0.456 0.316 0.044 0.028
0 0.318 0.322 0.032 0.04
1 0.74 0.314 0.048 0.032
1 0.24 0.314 0.048 0.032
1 0.673 0.303 0.042 0.034
1 0.173 0.303 0.042 0.034
0 0.868 0.302 0.036 0.036
0 0.368 0.302 0.036 0.036
0 0.589 0.296 0.034 0.036
0 0.089 0.296 0.034 0.036
1 0.689 0.281 0.038 0.038
1 0.189 0.281 0.038 0.038
1 0.786 0.283 0.032 0.046
1 0.286 0.283 0.032 0.046
1 0.907 0.269 0.046 0.03
1 0.407 0.269 0.046 0.03
0 0.643 0.26 0.042 0.028
0 0.143 0.26 0.042 0.028
0 0.95 0.254 0.04 0.032
0 0.45 0.254 0.04 0.032
0 0.839 0.245 0.038 0.03
0 0.339 0.245 0.038 0.03
1 0.691 0.252 0.046 0.052
1 0.191 0.252 0.046 0.052
1 0.52 0.242 0.032 0.044
1 0.02 0.242 0.032 0.044
1 0.73 0.229 0.044 0.03
1 0.23 0.229 0.044 0.03
1 0.785 0.225 0.038 0.03
1 0.285 0.225 0.038 0.03
1 0.608 0.223 0.036 0.042
1 0.108 0.223 0.036 0.042
1 0.638 0.212 0.032 0.044
1 0.138 0.212 0.032 0.044
1 0.861 0.206 0.042 0.036
1 0.361 0.206 0.042 0.036
0 0.674 0.2 0.04 0.028
0 0.174 0.2 0.04 0.028
0 0.932 0.199 0.028 0.042
0 0.432 0.199 0.028 0.042
1 0.756 0.199 0.044 0.046
1 0.256 0.199 0.044 0.046
0 0.692 0.179 0.028 0.042
0 0.192 0.179 0.028 0.042
0 0.825 0.168 0.038 0.032
0 0.325 0.168 0.038 0.032
0 0.584 0.152 0.04 0.032
0 0.084 0.152 0.04 0.032
0 0.956 0.141 0.036 0.03
0 0.456 0.141 0.036 0.03
0 0.752 0.135 0.032 0.038
0 0.252 0.135 0.032 0.038
1 0.627 0.128 0.042 0.028
1 0.127 0.128 0.042 0.028
0 0.935 0.129 0.034 0.038
1 0.839 0.126 0.046 0.032
0 0.435 0.129 0.034 0.038
1 0.339 0.126 0.046 0.032
0 0.68 0.113 0.028 0.038
0 0.18 0.113 0.028 0.038
0 0.657 0.1 0.026 0.04
0 0.157 0.1 0.026 0.04
1 0.884 0.095 0.028 0.042
1 0.384 0.095 0.028 0.042
0 0.713 0.088 0.034 0.036
0 0.213 0.088 0.034 0.036
0 0.801 0.056 0.034 0.036
0 0.301 0.056 0.034 0.036
0 0.754 0.04 0.04 0.028
0 0.254 0.04 0.04 0.028
