0 0.746 0.96 0.04 0.028
0 0.246 0.96 0.04 0.028
0 0.699 0.944 0.034 0.036
0 0.199 0.944 0.034 0.036
0 0.787 0.912 0.034 0.036
0 0.287 0.912 0.034 0.036
1 0.616 0.905 0.028 0.042
1 0.116 0.905 0.028 0.042
0 0.843 0.9 0.026 0.04
0 0.343 0.9 0.026 0.04
0 0.82 0.887 0.028 0.038
0 0.32 0.887 0.028 0.038
1 0.873 0.872 0.042 0.028
1 0.661 0.874 0.046 0.032
1 0.373 0.872 0.042 0.028
1 0.161 0.874 0.046 0.032
0 0.565 0.871 0.034 0.038
0 0.065 0.871 0.034 0.038
0 0.748 0.865 0.032 0.038
0 0.248 0.865 0.032 0.038
0 0.544 0.859 0.036 0.03
0 0.044 0.859 0.036 0.03
0 0.916 0.848 0.04 0.032
0 0.416 0.848 0.04 0.032
0 0.675 0.832 0.038 0.032
0 0.175 0.832 0.038 0.032
0 0.808 0.821 0.028 0.042
0 0.308 0.821 0.028 0.042
0 0.826 0.8 0.04 0.028
0 0.326 0.8 0.04 0.028
0 0.568 0.801 0.028 0.042
0 0.068 0.801 0.028 0.042
1 0.744 0.801 0.044 0.046
1 0.244 0.801 0.044 0.046
1 0.639 0.794 0.042 0.036
1 0.139 0.794 0.042 0.036
1 0.862 0.788 0.032 0.044
1 0.362 0.788 0.032 0.044
1 0.715 0.775 0.038 0.03
1 0.215 0.775 0.038 0.03
1 0.892 0.777 0.036 0.042
1 0.77 0.771 0.044 0.03
1 0.392 0.777 0.036 0.042
1 0.27 0.771 0.044 0.03
0 0.661 0.755 0.038 0.03
0 0.161 0.755 0.038 0.03
1 0.98 0.758 0.032 0.044
1 0.48 0.758 0.032 0.044
0 0.55 0.746 0.04 0.032
0 0.05 0.746 0.04 0.032
0 0.857 0.74 0.042 0.028
0 0.357 0.74 0.042 0.028
1 0.809 0.748 0.046 0.052
1 0.309 0.748 0.046 0.052
1 0.593 0.731 0.046 0.03
1 0.093 0.731 0.046 0.03
1 0.811 0.719 0.038 0.038
1 0.311 0.719 0.038 0.038
1 0.714 0.717 0.032 0.046
1 0.214 0.717 0.032 0.046
0 0.911 0.704 0.034 0.036
0 0.411 0.704 0.034 0.036
1 0.827 0.697 0.042 0.034
0 0.632 0.698 0.036 0.036
1 0.327 0.697 0.042 0.034
0 0.132 0.698 0.036 0.036
1 0.76 0.686 0.048 0.032
0 0.544 0.684 0.044 0.028
1 0.26 0.686 0.048 0.032
0 0.044 0.684 0.044 0.028
1 0.708 0.678 0.04 0.032
1 0.208 0.678 0.04 0.032
0 0.682 0.678 0.032 0.04
0 0.182 0.678 0.032 0.04
0 0.926 0.654 0.036 0.036
0 0.426 0.654 0.036 0.036
0 0.508 0.653 0.028 0.042
0 0.014 0.653 0.028 0.042
1 0.843 0.651 0.038 0.042
1 0.343 0.651 0.038 0.042
0 0.77 0.642 0.04 0.028
0 0.27 0.642 0.04 0.028
0 0.697 0.636 0.034 0.04
0 0.197 0.636 0.034 0.04
1 0.654 0.626 0.04 0.04
1 0.154 0.626 0.04 0.04
0 0.906 0.617 0.028 0.042
0 0.406 0.617 0.028 0.042
1 0.782 0.601 0.04 0.058
1 0.282 0.601 0.04 0.058
0 0.825 0.524 0.03 0.032
0 0.325 0.524 0.03 0.032
0 0.746 0.46 0.04 0.028
0 0.246 0.46 0.04 0.028
0 0.699 0.444 0.034 0.036
0 0.199 0.444 0.034 0.036
0 0.787 0.412 0.034 0.036
0 0.287 0.412 0.034 0.036
1 0.616 0.405 0.028 0.042
1 0.116 0.405 0.028 0.042
0 0.843 0.4 0.026 0.04
0 0.343 0.4 0.026 0.04
0 0.82 0.387 0.028 0.038
0 0.32 0.387 0.028 0.038
1 0.873 0.372 0.042 0.028
1 0.661 0.374 0.046 0.032
1 0.373 0.372 0.042 0.028
1 0.161 0.374 0.046 0.032
0 0.565 0.371 0.034 0.038
0 0.065 0.371 0.034 0.038
0 0.748 0.365 0.032 0.038
0 0.248 0.365 0.032 0.038
0 0.544 0.359 0.036 0.03
0 0.044 0.359 0.036 0.03
0 0.916 0.348 0.04 0.032
0 0.416 0.348 0.04 0.032
0 0.675 0.332 0.038 0.032
0 0.175 0.332 0.038 0.032
0 0.808 0.321 0.028 0.042
0 0.308 0.321 0.028 0.042
0 0.826 0.3 0.04 0.028
0 0.326 0.3 0.04 0.028
0 0.568 0.301 0.028 0.042
0 0.068 0.301 0.028 0.042
1 0.744 0.301 0.044 0.046
1 0.244 0.301 0.044 0.046
1 0.639 0.294 0.042 0.036
1 0.139 0.294 0.042 0.036
1 0.862 0.288 0.032 0.044
1 0.362 0.288 0.032 0.044
1 0.715 0.275 0.038 0.03
1 0.215 0.275 0.038 0.03
1 0.892 0.277 0.036 0.042
1 0.77 0.271 0.044 0.03
1 0.392 0.277 0.036 0.042
1 0.27 0.271 0.044 0.03
0 0.661 0.255 0.038 0.03
0 0.161 0.255 0.038 0.03
1 0.98 0.258 0.032 0.044
1 0.48 0.258 0.032 0.044
0 0.55 0.246 0.04 0.032
0 0.05 0.246 0.04 0.032
0 0.857 0.24 0.042 0.028
0 0.357 0.24 0.042 0.028
1 0.809 0.248 0.046 0.052
1 0.309 0.248 0.046 0.052
1 0.593 0.231 0.046 0.03
1 0.093 0.231 0.046 0.03
1 0.811 0.219 0.038 0.038
1 0.311 0.219 0.038 0.038
1 0.714 0.217 0.032 0.046
1 0.214 0.217 0.032 0.046
0 0.911 0.204 0.034 0.036
0 0.411 0.204 0.034 0.036
1 0.827 0.197 0.042 0.034
0 0.632 0.198 0.036 0.036
1 0.327 0.197 0.042 0.034
0 0.132 0.198 0.036 0.036
1 0.76 0.186 0.048 0.032
0 0.544 0.184 0.044 0.028
1 0.26 0.186 0.048 0.032
0 0.044 0.184 0.044 0.028
1 0.708 0.178 0.04 0.032
1 0.208 0.178 0.04 0.032
0 0.682 0.178 0.032 0.04
0 0.182 0.178 0.032 0.04
0 0.926 0.154 0.036 0.036
0 0.426 0.154 0.036 0.036
0 0.508 0.153 0.028 0.042
0 0.014 0.153 0.028 0.042
1 0.843 0.151 0.038 0.042
1 0.343 0.151 0.038 0.042
0 0.77 0.142 0.04 0.028
0 0.27 0.142 0.04 0.028
0 0.697 0.136 0.034 0.04
0 0.197 0.136 0.034 0.04
1 0.654 0.126 0.04 0.04
1 0.154 0.126 0.04 0.04
0 0.906 0.117 0.028 0.042
0 0.406 0.117 0.028 0.042
1 0.782 0.101 0.04 0.058
1 0.282 0.101 0.04 0.058
0 0.825 0.024 0.03 0.032
0 0.325 0.024 0.03 0.032
